0 63
0 42
10 42
10 45
12 45
12 51
10 51
10 54
12 54
12 60
10 60
10 63
18 63
18 59
16 59
16 42
19 42
19 61
25 61
25 42
28 42
28 59
26 59
26 63
34 63
34 60
32 60
32 59
35 59
35 61
41 61
41 53
34 53
34 51
32 51
32 45
34 45
34 42
42 42
42 45
44 45
44 46
41 46
41 43
35 43
35 52
42 52
42 54
44 54
44 60
42 60
42 63
53 63
53 53
50 53
50 50
48 50
48 42
51 42
51 52
57 52
57 42
60 42
60 50
58 50
58 53
56 53
56 63
10 63
10 60
12 60
12 54
10 54
10 52
9 52
9 43
3 43
3 52
9 52
9 61
3 61
3 52
3 53
10 53
10 54
12 54
12 60
10 60
10 63
0 63
